7.09
-356.15
523.69
-475.74
-27.74
88.74
246.37
-577.17
201.61
-686.62
-845.85
193.79
-213.49
-154.21
-470.26
491.22
963.71
242.18
-718.36
671.00
39.41
664.72
-449.80
-305.70
800.55
929.81
716.81
957.72
906.01
592.59
918.21
-86.90
-763.55
441.90
437.36
208.71
-469.36
-316.26
631.54
732.25
-2.89
785.68
-73.96
783.63
-368.52
455.78
274.85
-404.81
-302.04
556.49
-733.81
737.36
221.21
-183.62
-568.33
21.76
-253.81
-851.52
-20.52
-347.79
741.07
-102.31
565.31
977.52
-660.41
2.67
186.23
-129.77
686.41
-182.23
-397.53
-316.48
-396.54
528.51
-532.85
234.94
-15.72
741.99
830.13
682.24
298.48
-903.69
419.61
-480.31
-87.31
851.27
541.45
658.89
999.75
-479.07
-688.91
740.82
418.62
876.40
718.34
758.21
-120.93
-95.42
-371.57
-434.52
100.000000
12478.226562
