-628.34
-472.49
917.21
-412.23
-395.70
-547.24
498.47
-218.41
-785.22
849.62
-518.14
-406.12
291.23
628.15
-620.56
296.61
-855.94
194.36
672.88
-920.58
-190.28
18.19
-223.57
408.12
-682.92
203.20
-780.66
-554.10
-762.47
-898.07
199.85
942.34
-11.92
-396.73
184.81
153.47
-689.19
736.71
-127.67
312.33
-706.45
757.22
624.24
-332.30
982.88
-750.94
874.01
-540.35
397.09
-102.85
-559.85
652.33
-215.39
-58.93
-501.12
-357.76
-839.37
764.29
-601.95
-916.44
-553.32
268.04
942.30
-718.96
479.49
800.01
-299.45
-881.42
-36.18
-138.30
-326.19
-343.75
601.00
-953.44
-407.36
-426.49
4.59
-850.10
344.19
761.73
443.01
-329.74
124.60
101.68
894.23
-651.04
9.31
443.74
18.52
-710.18
44.51
64.78
709.74
558.48
310.14
476.04
855.84
63.10
438.59
-604.41
-261.60
-643.60
960.74
-891.92
-546.29
452.04
-592.62
-183.45
707.23
463.75
319.74
-175.39
263.88
986.36
-185.97
351.89
265.01
11.08
183.26
38.14
-979.10
184.61
683.43
349.38
-39.83
494.14
-959.86
-392.56
209.37
943.81
585.87
716.06
864.94
-918.21
-293.58
-116.13
184.33
27.83
-219.28
578.20
-123.33
-878.71
-454.14
-751.03
-521.67
325.89
-700.02
819.13
-941.29
-339.36
318.20
-3.89
570.83
-141.89
-764.85
-757.34
-652.12
-160.91
-366.70
832.56
872.64
463.50
-33.51
823.79
-573.28
940.78
-240.90
-878.40
732.22
447.34
502.03
-321.98
427.34
254.80
490.89
373.48
-898.17
415.00
960.53
-339.28
-311.21
-580.28
-802.73
503.81
-435.16
251.20
-10.75
-656.23
737.07
-8.73
-709.54
736.24
-58.24
-769.93
-157.90
157.44
123.83
-741.24
14.64
127.35
315.82
62.50
372.94
15.51
621.42
248.73
361.36
-680.64
431.90
962.38
713.90
589.22
-984.67
679.31
-831.20
-58.18
185.81
973.71
-831.82
-439.36
-271.74
872.56
-878.21
-82.68
380.98
-799.99
522.21
709.95
74.86
238.35
-52.69
360.11
382.86
801.01
541.66
-344.31
-768.46
478.88
591.49
-770.32
-817.95
656.64
129.17
-995.90
-117.98
-885.20
476.50
481.19
-565.31
793.69
-442.47
-617.91
794.98
-716.97
-136.44
810.66
695.64
-382.49
-501.49
-460.60
624.20
846.15
-801.82
-152.83
-547.64
-182.79
-186.62
-470.30
-346.91
-449.98
-798.06
960.99
-676.53
-452.07
57.05
789.53
-290.64
-809.58
-647.33
360.35
378.95
943.33
574.33
743.85
-79.18
-712.25
-803.82
123.19
492.50
-628.24
-778.08
848.35
140.02
-642.14
-440.34
-837.69
941.00
-574.02
521.48
493.83
-206.35
-64.22
625.59
241.37
740.60
-764.08
36.02
-669.81
567.81
-845.85
-268.34
68.65
-148.70
818.19
-665.00
-700.31
-155.25
692.86
962.69
-36.45
-597.85
-136.33
676.40
252.03
-118.52
20.76
986.66
742.54
-93.70
-884.23
675.95
761.21
-355.54
521.15
-979.51
-632.33
376.12
-509.57
-395.04
509.48
771.74
711.73
105.96
829.80
510.26
-30.48
-222.29
-15.91
637.57
-376.41
-337.47
149.01
491.17
-888.75
817.26
-347.15
-595.61
-364.44
821.82
348.59
742.27
-623.95
-743.67
-931.17
-115.75
525.69
-690.10
-473.34
599.50
-272.62
115.77
-271.59
-541.00
-533.06
852.99
159.28
-948.91
-283.82
-79.38
-71.23
755.96
-613.83
-640.32
66.67
566.66
-136.40
-450.08
-507.97
585.03
672.68
-332.89
-928.98
586.51
-598.39
827.08
673.92
656.44
845.06
854.36
-734.49
-570.86
-377.20
389.51
478.74
223.47
-158.88
-320.29
886.22
746.15
523.09
-407.51
-982.58
-237.02
451.67
-788.90
981.99
372.76
898.61
908.07
-104.47
194.42
-429.55
622.19
-838.30
767.22
719.82
-38.63
675.94
482.12
-993.06
-364.64
-443.21
887.98
291.54
-120.59
-710.85
799.64
-376.92
-972.35
-281.87
605.56
-331.20
-472.38
668.82
797.06
120.25
-978.52
68.34
599.17
176.25
204.17
-548.14
-658.47
-875.82
167.55
71.63
-188.48
285.67
-664.77
-725.77
-4.92
-700.31
-154.31
477.40
-364.67
-998.43
-665.79
138.77
321.75
-284.20
-602.95
183.91
-993.09
-927.49
-377.86
-735.58
-908.65
325.23
182.39
-555.06
-969.63
-611.26
474.44
-96.85
282.15
161.86
311.77
-56.81
-858.26
-699.92
430.18
112.39
-983.79
-552.14
131.93
-680.67
-7.64
-462.88
407.80
-119.49
-258.26
-506.51
-950.94
-458.41
-458.93
751.29
924.50
98.36
-947.51
-766.31
609.44
895.06
-710.72
854.47
-867.57
716.20
-772.43
-290.72
-158.91
-814.31
-42.04
-573.00
-390.54
258.93
-124.34
212.72
-846.99
663.37
-702.98
954.62
298.37
713.49
-365.23
-410.91
-165.15
330.77
-763.21
804.52
-495.90
-588.31
208.79
-901.53
-5.48
-111.10
758.49
-119.85
-381.20
-831.99
736.45
-471.82
158.41
469.78
-336.90
-355.16
867.98
115.94
526.12
535.21
-787.32
-567.05
-470.83
829.35
849.23
-951.31
-626.45
-705.14
640.81
169.03
910.88
-871.84
901.20
537.43
604.66
471.06
-967.82
-104.56
617.28
601.54
60.08
-178.28
-355.39
940.42
-281.52
573.65
-612.40
-566.68
-169.28
847.15
75.29
-541.89
504.57
224.99
-539.64
315.38
639.37
-62.21
501.93
-21.10
-689.54
828.14
629.95
-459.30
624.56
934.73
72.77
-947.58
-8.31
351.69
864.06
265.24
-109.50
-376.69
-982.12
-529.81
-554.55
-313.34
-292.99
-303.79
212.37
-777.04
218.22
-366.82
832.36
-502.95
900.09
-165.02
435.39
-410.44
-345.87
945.68
-19.43
-600.58
54.40
220.99
202.58
763.91
957.81
-46.92
-616.91
-339.02
110.31
-43.80
-64.75
-186.86
-518.85
-318.56
-60.73
-676.71
600.14
612.22
-443.86
54.47
-524.02
813.06
-900.26
-658.93
-689.33
364.46
-546.63
783.12
-147.93
-320.11
-94.72
-25.92
298.55
-284.52
110.32
144.95
100.55
-8.91
287.73
-103.86
359.01
-148.74
101.66
524.34
610.02
590.57
-278.79
373.35
840.76
621.86
-439.47
-197.00
-897.17
-765.05
-180.53
-228.35
116.01
-265.20
705.06
-123.79
-475.28
-29.75
10.25
231.58
200.11
-806.72
-473.07
-832.35
755.87
-124.93
306.62
-697.73
-683.51
230.94
-651.86
211.62
743.23
-518.77
-967.86
-743.10
712.22
274.51
-286.88
408.35
-797.49
664.28
503.96
138.49
-336.39
265.82
-312.25
46.49
-594.06
-369.77
-674.81
489.05
-619.25
199.27
-885.10
92.11
89.88
552.56
857.72
-236.12
-435.16
309.20
684.26
379.21
-665.45
-203.50
-221.97
-663.16
329.32
816.44
-83.54
-92.16
999.15
711.98
193.98
278.06
-605.74
-720.57
-583.50
-874.52
-77.60
-180.20
-652.84
-363.72
966.33
-940.96
-743.85
49.06
554.84
-765.46
991.10
-580.83
73.29
-249.61
880.22
-72.59
-56.12
724.35
123.49
-495.65
-459.47
-241.85
-780.17
-376.48
441.60
-9.01
549.70
773.37
62.69
-418.14
350.17
-618.00
-776.08
387.44
-348.82
-616.83
-999.60
-249.55
-237.74
236.13
663.69
594.22
991.15
204.65
-531.22
-188.26
-75.24
-487.11
-874.27
216.12
344.20
-949.77
-811.04
793.65
885.76
967.58
167.76
-492.39
320.50
667.86
668.05
-56.60
770.82
-890.63
-893.12
-738.73
118.66
384.64
626.38
-469.19
377.15
763.58
-445.87
213.41
710.81
512.00
-897.69
461.84
168.17
384.84
-5.07
710.21
463.88
366.86
-99.22
436.79
-815.93
674.78
-931.66
-368.82
-702.66
385.54
-210.45
892.30
886.22
627.08
-692.82
-186.88
-885.69
242.23
-793.39
-525.69
734.19
-442.76
480.89
307.46
-505.15
-112.36
-409.64
-743.12
302.96
-99.51
-400.39
675.66
-261.86
850.51
446.89
944.72
-104.05
-695.09
-402.88
725.56
566.06
-214.57
-290.63
-593.46
-362.85
-354.28
-456.31
777.83
913.30
-166.12
91.12
-621.30
-194.20
149.56
-343.81
-351.17
-103.82
-862.06
-718.84
476.95
137.37
802.09
722.55
-116.32
-936.84
494.85
867.02
-11.71
-763.15
-240.13
58.82
642.16
713.09
929.61
-95.52
531.11
416.75
233.81
-288.78
499.60
854.16
-193.95
306.80
424.65
-893.70
-492.14
570.17
897.59
-175.63
213.14
184.13
633.79
51.21
729.34
-8.75
-981.02
-46.56
-495.65
-425.70
-787.83
901.19
240.19
799.46
580.92
-499.83
-604.24
547.38
-152.99
778.14
144.23
8.42
-468.48
284.67
509.81
338.84
960.42
-182.63
593.54
-301.82
-668.30
-163.62
107.68
-167.25
982.49
661.30
519.29
-253.04
-847.65
-531.73
-827.43
-588.83
-444.44
343.01
970.03
-629.46
662.44
-344.22
738.88
393.80
665.34
327.79
-913.56
-241.99
828.17
990.84
-988.81
-902.83
209.62
-964.38
-301.58
-686.97
161.51
579.93
824.06
-61.70
951.06
491.92
-340.65
668.37
-778.02
-252.59
674.97
1000.000000
-7876.899902
